    0.100000000000000E+02
    0.300000000000000E+01
    0.800000000000000E+01
    0.200000000000000E+02
    0.600000000000000E+01
    0.800000000000000E+01
    0.100000000000000E+02
    0.600000000000000E+01
    0.800000000000000E+01
    0.200000000000000E+02
    0.900000000000000E+01
    0.800000000000000E+01
    0.100000000000000E+02
    0.900000000000000E+01
    0.800000000000000E+01
    0.200000000000000E+02
    0.120000000000000E+02
    0.800000000000000E+01
    0.100000000000000E+02
    0.120000000000000E+02
    0.800000000000000E+01
    0.200000000000000E+02
    0.150000000000000E+02
    0.800000000000000E+01
    0.300000000000000E+02
    0.300000000000000E+01
    0.800000000000000E+01
    0.200000000000000E+02
    0.600000000000000E+01
    0.800000000000000E+01
    0.300000000000000E+02
    0.600000000000000E+01
    0.800000000000000E+01
    0.200000000000000E+02
    0.900000000000000E+01
    0.800000000000000E+01
    0.300000000000000E+02
    0.900000000000000E+01
    0.800000000000000E+01
    0.200000000000000E+02
    0.120000000000000E+02
    0.800000000000000E+01
    0.300000000000000E+02
    0.120000000000000E+02
    0.800000000000000E+01
    0.200000000000000E+02
    0.150000000000000E+02
    0.800000000000000E+01
